'''
Jugando con los diccionarios
'''

metricas = {"ALEJANDRO":"TMO": 397, 6506, 16.89, 6.61, 76.31, 0.18
"MONICA": "TMO": 185, 671, 11.99, 27.75, 59.95, 0.32
"VANINA":  371, 680, 20.16, 4.95, 74.54, 0.35
"SERGIO": 445, 565, 5.14, 2.83, 91.92, 0.11
"ANTONELLA": 388, 503, 32.82, 3.24, 63.83, 0.12
"YAMILA": 529, 282, 19.34, 21.35, 59.20, 0.11
"MARCELO": 201,	237, 4.08, 54.24, 41.48, 0.21
"RUTH": 405, 366, 35.34, 2.08 , 62.37, 0.20
"MARIEL": 492, 420, 20.81, 1.44, 77.42, 0.32
"ROSARIO": 370, 603, 7.35, 2.60, 89.91, 0.14
"LUZ": 608, 161, 26.02, 10.80, 62.95, 0.23
"YANINA": 476, 459, 17.39, 3.50, 78.95, 0.15
"ANDREA": 421, 596, 8.47, 2.55, 88.83, 0.15
"VICTORIA": 394, 561, 17.86, 4.15, 77.87, 0.13
"IVAN": 482, 402, 13.59, 3.56, 82.76, 0.09
}